9:39:01 收到数据：{}
9:39:01 收到数据：{7B 01 00 16 30 30 30 30 30 30 30 30 30 30 31 0A E0 BC CD 13 89 7B }{
9:39:11 收到数据：{7B 01 00 16 30 30 30 30 30 30 30 30 30 30 31 0A E0 BC CD 13 89 7B }{
9:39:23 发送数据：{
9:39:32 发送数据：7b81001030303030303030303030317b[1次]
9:41:01 收到数据：{}
9:41:01 收到数据：{7B 01 00 16 30 30 30 30 30 30 30 30 30 30 31 0A FF 3C 79 13 89 7B }{
9:41:03 发送数据：{
9:41:06 收到数据：{7B 09 00 10 30 30 30 30 30 30 30 30 30 30 31 7B 01 10 00 00 00 70 E0 50 00 C7 C3 50 00 C7 C3 49 AD 41 DC 50 00 C7 C3 00 00 00 00 00 00 00 00 61 0C 41 0B 00 00 3F 80 00 00 3F 80 00 00 00 00 D4 88 41 BF 00 00 42 9A 00 00 42 84 00 00 42 F0 00 00 42 F0 F0 00 00 00 00 00 F0 00 00 00 00 00 00 00 40 A0 00 00 00 00 00 00 00 00 00 00 00 00 00 00 00 00 00 00 00 00 00 00 00 00 00 00 00 00 00 00 00 00 00 00 00 00 00 00 00 00 00 00 00 00 00 00 00 00 00 00 00 00 00 00 00 00 00 00 00 00 00 00 00 00 00 00 00 00 00 00 00 00 00 00 00 00 00 00 00 00 00 00 00 00 00 00 00 00 00 00 00 00 00 00 00 00 00 00 00 00 00 00 00 00 00 00 00 00 00 00 00 00 00 00 00 00 00 00 00 00 00 00 00 00 00 00 00 00 00 00 00 00 00 00 41 C8 00 00 42 48 00 00 00 00 00 00 43 FA 6D 54 }{	
9:41:15 收到数据：{7B 09 00 10 30 30 30 30 30 30 30 30 30 30 31 7B 01 10 00 00 00 70 E0 50 00 C7 C3 50 00 C7 C3 49 AD 41 DC 50 00 C7 C3 00 00 00 00 00 00 00 00 2B A2 41 0C 00 00 3F 80 00 00 3F 80 00 00 00 00 D4 88 41 BF 00 00 42 9A 00 00 42 84 00 00 42 F0 00 00 42 F0 F0 00 00 00 00 00 F0 00 00 00 00 00 00 00 40 A0 00 00 00 00 00 00 00 00 00 00 00 00 00 00 00 00 00 00 00 00 00 00 00 00 00 00 00 00 00 00 00 00 00 00 00 00 00 00 00 00 00 00 00 00 00 00 00 00 00 00 00 00 00 00 00 00 00 00 00 00 00 00 00 00 00 00 00 00 00 00 00 00 00 00 00 00 00 00 00 00 00 00 00 00 00 00 00 00 00 00 00 00 00 00 00 00 00 00 00 00 00 00 00 00 00 00 00 00 00 00 00 00 00 00 00 00 00 00 00 00 00 00 00 00 00 00 00 00 00 00 00 00 00 00 41 C8 00 00 42 48 00 00 00 00 00 00 43 FA DE B5 }{	
9:41:36 发送数据：7b81001030303030303030303030317b[1次]
9:47:03 收到数据：{}
9:47:03 收到数据：{7B 01 00 16 30 30 30 30 30 30 30 30 30 30 31 0A 74 BC 41 13 89 7B }{
9:47:08 发送数据：7b81001030303030303030303030317b[1次]
9:47:10 收到数据：{7B 09 00 10 30 30 30 30 30 30 30 30 30 30 31 7B 01 10 00 00 00 70 E0 50 00 C7 C3 50 00 C7 C3 F1 2D 41 D9 50 00 C7 C3 00 00 00 00 00 00 00 00 CC AB 41 0C 00 00 3F 80 00 00 3F 80 00 00 00 00 E6 AA 41 BF 00 00 42 9A 00 00 42 84 00 00 42 F0 00 00 42 F0 F0 00 00 00 00 00 F0 00 00 00 00 00 00 00 40 A0 00 00 00 00 00 00 00 00 00 00 00 00 00 00 00 00 00 00 00 00 00 00 00 00 00 00 00 00 00 00 00 00 00 00 00 00 00 00 00 00 00 00 00 00 00 00 00 00 00 00 00 00 00 00 00 00 00 00 00 00 00 00 00 00 00 00 00 00 00 00 00 00 00 00 00 00 00 00 00 00 00 00 00 00 00 00 00 00 00 00 00 00 00 00 00 00 00 00 00 00 00 00 00 00 00 00 00 00 00 00 00 00 00 00 00 00 00 00 00 00 00 00 00 00 00 00 00 00 00 00 00 00 00 00 41 C8 00 00 42 48 00 00 00 00 00 00 43 FA CF C4 }{	
9:47:19 收到数据：{7B 09 00 10 30 30 30 30 30 30 30 30 30 30 31 7B 
01 
10 
00 00 
00 70 
E0 
50 00 C7 C3 //进口压力 -100000
50 00 C7 C3 //出口压力 -100000
F1 2D 41 D9 //机箱内温度 27.2428
50 00 C7 C3 //燃气温度 -100000
00 00 00 00 //保留
00 00 00 00 //保留
40 6A 41 0C //泄露浓度 8.76573
00 00 3F 80 //保留
00 00 3F 80 //保留
00 00 00 00 //保留
E6 AA 41 BF //电池电压 23.9876
00 00 42 9A //经度 77
00 00 42 84 //维度 66
00 00 42 F0 //数据采集周期 120
00 00 42 F0 //数据上传周期 120
F0 00 00 00 00 00 //手机1号码 00000000000
F0 00 00 00 00 00 //手机2号码 00000000000
00 00 40 A0 00 00 00 00 00 00 
00 00 00 00 00 00 00 00 00 00 
00 00 00 00 00 00 00 00 00 00 
00 00 00 00 00 00 00 00 00 00 
00 00 00 00 00 00 00 00 00 00 
00 00 00 00 00 00 00 00 00 00 
00 00 00 00 00 00 00 00 00 00 
00 00 00 00 00 00 00 00 00 00 
00 00 00 00 00 00 00 00 00 00 
00 00 00 00 00 00 00 00 00 00 
00 00 00 00 00 00 00 00 00 00 
00 00 00 00 00 00 00 00 00 00 
00 00 00 00 00 00 00 00 00 00 
00 00 00 00 00 00 //保留
00 00 41 C8 //甲烷一级报警限 25
00 00 42 48 //甲烷二级报警限 50
00 00 00 00 //进口压力低报警限 0
00 00 43 FA //进口压力高报警限 500
E2 5D }{	